-
  -
    -
      -
        bzb4W_y4s9E, 1, 2, 2, 20, 5, 6, 7, 4, 3, 10, 3, 2, 2, 1, 2, 23
        lYGGpc2mMno, 0, 3, 0, 6, 18, 3, 1, 11, 2, 10, 5, 0, 1, 0, 6, 25
      -
        -
          ZM_I2uwOfXw, 1, 3, 0, 20, 0, 1, 3, 2, 0, 2, 3, 0, 6, 0, 6, 15
          jjfIwaRgRds, 3, 5, 4, 12, 3, 1, 2, 9, 0, 19, 3, 0, 3, 0, 6, 26
        -
          Q6NiqRqGePU, 1, 7, 0, 15, 3, 5, 0, 4, 2, 6, 9, 1, 2, 0, 6, 7
          65_PmYipnpk, 0, 4, 1, 13, 9, 1, 4, 8, 0, 16, 0, 0, 2, 1, 13, 33
    -
      -
        -
          D4zBVD0sL7Y, 2, 2, 1, 8, 6, 5, 2, 6, 0, 5, 5, 0, 2, 0, 8, 10
          AZnymkpsCH0, 3, 5, 1, 6, 3, 1, 3, 1, 1, 7, 2, 1, 4, 0, 6, 14
        -
          snxb_PSe3Ps, 3, 2, 1, 2, 5, 5, 3, 2, 1, 1, 3, 0, 5, 0, 2, 26
          Qk7pPutimCM, 32, 6, 0, 9, 6, 1, 2, 7, 0, 16, 0, 0, 7, 0, 12, 27
      -
        -
          czBa9nbvGNA, 0, 1, 1, 7, 1, 2, 3, 5, 2, 7, 0, 1, 3, 1, 4, 8
          mElVGah7Epg, 0, 2, 0, 3, 5, 1, 2, 5, 4, 3, 4, 0, 2, 1, 12, 33
        -
          Dugn51K_6WA, 3, 4, 2, 6, 2, 1, 2, 10, 0, 15, 3, 0, 3, 0, 13, 13
          mB2V0BXH608, 6, 10, 1, 19, 7, 4, 3, 9, 1, 9, 2, 0, 8, 1, 5, 23
  -
    -
      -
        -
          QNmIWEqb3sM, 2, 2, 2, 19, 5, 2, 5, 2, 2, 5, 4, 1, 1, 0, 9, 8
          IK1Pjgix79k, 0, 2, 0, 4, 2, 2, 4, 2, 1, 6, 1, 0, 5, 0, 6, 10
        -
          H75kyGItXFo, 2, 2, 0, 7, 1, 2, 0, 2, 1, 3, 3, 0, 1, 2, 1, 2
          19uLJdelYck, 4, 1, 1, 4, 6, 6, 5, 2, 1, 10, 0, 0, 9, 0, 9, 14
      -
        -
          UbnfcUxD6j4, 0, 5, 0, 6, 0, 1, 0, 0, 1, 1, 1, 1, 0, 0, 6, 30
          Z-mo_P9DkuA, 1, 7, 0, 6, 3, 1, 6, 5, 0, 4, 3, 0, 5, 1, 4, 14
        -
          xUNmzLKvdm4, 6, 8, 1, 17, 2, 6, 5, 21, 4, 6, 8, 0, 3, 1, 19, 16
          ZyYqyYAKGC0, 3, 0, 1, 13, 3, 1, 2, 2, 3, 6, 0, 0, 7, 1, 6, 21
    -
      -
        -
          bepzUM1x3w, 0, 0, 0, 3, 1, 2, 2, 2, 0, 1, 2, 0, 0, 0, 3, 15
          tpNgf5a34as, 2, 8, 1, 42, 5, 2, 7, 8, 0, 10, 1, 0, 9, 2, 11, 17
        -
          DH4m49kyVYo, 4, 6, 2, 24, 10, 6, 0, 5, 1, 8, 7, 1, 5, 3, 13, 14
          F9GujgK0y2M, 3, 4, 0, 2, 5, 3, 5, 4, 3, 11, 2, 0, 3, 0, 43, 5
      -
        -
          UzxYlbK2c7E, 2, 2, 0, 7, 2, 2, 1, 12, 3, 9, 6, 0, 4, 2, 15, 12
          l_zaV7HnsLA, 0, 0, 1, 4, 1, 0, 1, 5, 0, 3, 0, 0, 2, 0, 4, 13
        -
          5phijpb1Hjk, 2, 1, 0, 1, 0, 18, 1, 1, 0, 4, 4, 0, 1, 0, 3, 11
          9g3O-G7EGbk, 0, 0, 0, 3, 0, 0, 1, 0, 0, 3, 0, 0, 0, 2, 1, 5